# 120 3
2.120233e-01 3.475151e-01 4.404616e-01 
3.525526e-01 4.115709e-01 2.358765e-01 
4.251360e-01 2.591505e-01 3.157135e-01 
3.158290e-01 4.985981e-01 1.855729e-01 
4.686438e-01 4.411344e-01 9.022177e-02 
1.461085e-01 1.999668e-01 6.539247e-01 
2.530869e-03 7.901523e-01 2.073168e-01 
2.763634e-01 2.992815e-01 4.243550e-01 
5.702020e-01 1.343520e-01 2.954460e-01 
1.411290e-03 7.338373e-01 2.647515e-01 
4.074933e-04 4.141784e-01 5.854141e-01 
3.823131e-01 3.305845e-01 2.871024e-01 
1.514346e-03 2.768910e-01 7.215946e-01 
2.818016e-01 4.552782e-01 2.629202e-01 
5.040655e-01 4.954096e-01 5.248497e-04 
5.703365e-01 2.621547e-01 1.675088e-01 
9.106630e-01 8.798628e-02 1.350697e-03 
1.208030e-01 8.789242e-01 2.727564e-04 
2.883120e-04 5.846083e-01 4.151034e-01 
4.707031e-01 7.541350e-04 5.285427e-01 
4.246202e-02 5.058996e-01 4.516384e-01 
7.337020e-02 5.691690e-01 3.574608e-01 
1.055759e-03 4.838106e-01 5.151337e-01 
2.595427e-02 3.388224e-04 9.737069e-01 
3.599821e-01 5.314754e-01 1.085425e-01 
1.878337e-01 4.114820e-01 4.006843e-01 
2.063068e-01 2.831820e-01 5.105112e-01 
9.867683e-01 1.268898e-02 5.426911e-04 
3.032078e-01 6.944718e-01 2.320430e-03 
2.843206e-01 2.159893e-01 4.996901e-01 
4.391115e-04 6.631378e-01 3.364231e-01 
1.425587e-01 6.655511e-01 1.918901e-01 
4.208568e-01 8.551380e-03 5.705919e-01 
7.062745e-01 1.617641e-03 2.921079e-01 
8.830386e-01 5.507214e-03 1.114542e-01 
7.831559e-01 1.048847e-01 1.119594e-01 
7.795542e-02 2.883140e-02 8.932132e-01 
9.835484e-01 5.629493e-03 1.082206e-02 
2.256810e-01 1.519645e-01 6.223545e-01 
7.755455e-01 2.222948e-01 2.159741e-03 
2.857919e-03 3.439642e-01 6.531778e-01 
5.237854e-01 2.136774e-03 4.740778e-01 
1.931969e-01 8.046796e-01 2.123493e-03 
3.211534e-01 1.997488e-04 6.786469e-01 
4.266145e-01 3.813335e-01 1.920520e-01 
1.009900e-01 8.926507e-02 8.097449e-01 
1.328045e-01 3.512670e-01 5.159285e-01 
6.345612e-01 3.651202e-01 3.185545e-04 
1.786363e-01 5.676245e-01 2.537392e-01 
1.617231e-01 1.298438e-03 8.369785e-01 
5.930164e-01 3.434389e-01 6.354463e-02 
7.124091e-01 1.298159e-01 1.577750e-01 
7.394471e-05 1.419902e-01 8.579358e-01 
3.452167e-01 2.304828e-01 4.243004e-01 
3.647069e-01 1.509623e-01 4.843309e-01 
4.290393e-02 2.070497e-01 7.500464e-01 
6.698733e-01 8.631579e-02 2.438109e-01 
6.272366e-01 1.595406e-01 2.132228e-01 
1.624640e-01 2.532209e-01 5.843152e-01 
8.390097e-01 1.519086e-01 9.081689e-03 
1.886615e-01 6.877830e-01 1.235555e-01 
4.230831e-01 1.878473e-01 3.890696e-01 
4.888590e-01 1.569286e-01 3.542124e-01 
7.746782e-02 3.146819e-01 6.078503e-01 
2.114942e-01 6.155533e-01 1.729525e-01 
2.586373e-01 7.163888e-03 7.341988e-01 
8.527195e-03 1.833881e-01 8.080847e-01 
8.263807e-01 1.564022e-03 1.720553e-01 
2.574437e-02 8.294711e-01 1.447845e-01 
3.977369e-01 4.650711e-01 1.371920e-01 
5.130856e-01 8.366538e-02 4.032490e-01 
4.988778e-01 2.167723e-01 2.843499e-01 
4.170363e-04 6.664997e-02 9.329330e-01 
6.542126e-02 6.945221e-01 2.400567e-01 
2.830830e-01 3.738171e-01 3.430999e-01 
2.713767e-01 6.526822e-01 7.594112e-02 
4.014045e-02 9.267661e-01 3.309341e-02 
1.984831e-01 4.311760e-02 7.583993e-01 
6.212284e-01 3.349728e-04 3.784366e-01 
9.582104e-01 3.553365e-04 4.143424e-02 
3.667327e-01 6.306683e-01 2.598962e-03 
2.666551e-01 8.008397e-02 6.532609e-01 
7.453578e-01 1.901801e-01 6.446207e-02 
2.499197e-01 5.329920e-01 2.170883e-01 
1.029897e-01 6.158458e-01 2.811645e-01 
1.131162e-01 4.344725e-01 4.524114e-01 
2.067282e-03 4.870831e-03 9.930619e-01 
1.569645e-04 8.855222e-01 1.143208e-01 
7.118095e-01 2.880430e-01 1.474668e-04 
8.452985e-04 9.990084e-01 1.462834e-04 
5.147895e-01 3.522081e-01 1.330024e-01 
3.349417e-01 2.941491e-01 3.709092e-01 
6.666121e-01 2.148162e-01 1.185717e-01 
3.916231e-01 6.722934e-02 5.411476e-01 
5.490616e-01 4.210511e-01 2.988733e-02 
3.547839e-01 5.896183e-01 5.559778e-02 
6.363647e-01 2.880291e-01 7.560626e-02 
3.217427e-01 1.078727e-01 5.703846e-01 
2.601385e-01 1.822005e-01 5.576610e-01 
1.757432e-01 1.204615e-01 7.037954e-01 
7.976733e-02 2.499312e-01 6.703015e-01 
9.396384e-02 7.478269e-01 1.582092e-01 
1.439581e-01 7.790608e-01 7.698113e-02 
1.226669e-01 4.934052e-01 3.839280e-01 
2.938952e-01 5.861761e-01 1.199287e-01 
6.262152e-01 5.646532e-02 3.173194e-01 
4.704785e-01 3.029998e-01 2.265218e-01 
5.531176e-01 2.108313e-01 2.360511e-01 
3.446433e-01 3.634662e-02 6.190101e-01 
6.468893e-02 3.937117e-01 5.415994e-01 
1.531841e-01 5.288717e-01 3.179442e-01 
8.694388e-02 8.451706e-01 6.788552e-02 
4.416531e-01 5.509519e-01 7.395015e-03 
2.368390e-01 7.329627e-01 3.019834e-02 
5.730319e-01 4.302895e-02 3.839391e-01 
7.582028e-01 3.715711e-02 2.046401e-01 
4.433133e-01 1.024158e-01 4.542710e-01 
1.171901e-01 1.595843e-01 7.232257e-01 
8.574598e-01 6.285933e-02 7.968091e-02 
2.245294e-01 4.514982e-01 3.239724e-01 
