# 150 3
0.742452 0.029954 0.227595 
0.120358 0.878364 0.001277 
0.310361 0.001744 0.687895 
0.200756 0.798561 0.000683 
0.249778 0.346644 0.403578 
0.979424 0.002396 0.018180 
0.406729 0.463385 0.129886 
0.660000 0.096533 0.243467 
0.582990 0.414122 0.002889 
0.002407 0.730006 0.267587 
0.315039 0.621946 0.063015 
0.002525 0.022329 0.975146 
0.787960 0.165591 0.046448 
0.018038 0.648297 0.333665 
0.403643 0.000902 0.595455 
0.091269 0.745081 0.163650 
0.296705 0.219473 0.483822 
0.562153 0.064605 0.373242 
0.516655 0.048215 0.435131 
0.207369 0.701809 0.090823 
0.081007 0.916892 0.002101 
0.673266 0.008734 0.318000 
0.645472 0.346528 0.008000 
0.447994 0.073759 0.478247 
0.000389 0.253554 0.746057 
0.414170 0.258889 0.326941 
0.142300 0.513770 0.343930 
0.543870 0.000449 0.455681 
0.876111 0.121886 0.002003 
0.833390 0.080746 0.085864 
0.436589 0.011439 0.551972 
0.286834 0.440676 0.272489 
0.408138 0.144974 0.446888 
0.336478 0.663452 0.000070 
0.204409 0.002615 0.792977 
0.330527 0.111673 0.557800 
0.134492 0.006216 0.859292 
0.137737 0.228484 0.633780 
0.044451 0.083761 0.871788 
0.007873 0.564137 0.427990 
0.826901 0.002416 0.170683 
0.895261 0.041178 0.063561 
0.334400 0.496378 0.169222 
0.066709 0.541831 0.391461 
0.000165 0.102741 0.897094 
0.002473 0.337061 0.660466 
0.001723 0.688145 0.310131 
0.847016 0.134306 0.018677 
0.121614 0.377535 0.500850 
0.048524 0.218714 0.732761 
0.082316 0.475865 0.441819 
0.010726 0.877282 0.111991 
0.283278 0.716198 0.000524 
0.862810 0.004937 0.132252 
0.352451 0.005469 0.642080 
0.234186 0.755946 0.009868 
0.522434 0.477149 0.000417 
0.379243 0.321620 0.299138 
0.052724 0.898656 0.048620 
0.547799 0.249026 0.203175 
0.682483 0.316435 0.001082 
0.138255 0.093560 0.768185 
0.067847 0.266409 0.665744 
0.443344 0.510931 0.045724 
0.105004 0.312135 0.582861 
0.002401 0.626502 0.371097 
0.010148 0.816512 0.173340 
0.039778 0.441797 0.518425 
0.002686 0.854254 0.143060 
0.601704 0.182429 0.215867 
0.063356 0.147214 0.789430 
0.616190 0.383734 0.000075 
0.102154 0.000214 0.897632 
0.200308 0.072538 0.727154 
0.099021 0.847132 0.053847 
0.218528 0.194192 0.587280 
0.022964 0.763978 0.213058 
0.037376 0.000728 0.961895 
0.132505 0.771383 0.096112 
0.729162 0.263057 0.007781 
0.003620 0.177922 0.818458 
0.784767 0.000391 0.214842 
0.050122 0.710401 0.239477 
0.553952 0.360808 0.085240 
0.963597 0.034131 0.002272 
0.801126 0.049468 0.149406 
0.010430 0.210202 0.779368 
0.201492 0.264369 0.534139 
0.000193 0.911301 0.088506 
0.368175 0.563076 0.068750 
0.488750 0.227439 0.283811 
0.336423 0.278854 0.384723 
0.818837 0.180944 0.000219 
0.705649 0.232317 0.062033 
0.229268 0.414791 0.355941 
0.608217 0.290678 0.101105 
0.003918 0.053819 0.942263 
0.501871 0.310025 0.188104 
0.133882 0.664910 0.201208 
0.004117 0.296856 0.699027 
0.490777 0.447725 0.061498 
0.336474 0.051687 0.611839 
0.010257 0.071367 0.918376 
0.216439 0.475532 0.308029 
0.443802 0.411642 0.144556 
0.596187 0.002578 0.401234 
0.906552 0.090093 0.003355 
0.622889 0.011580 0.365531 
0.037753 0.945416 0.016831 
0.002240 0.994153 0.003607 
0.002094 0.959519 0.038387 
0.180762 0.396831 0.422406 
0.464436 0.535423 0.000140 
0.100418 0.627937 0.271645 
0.714331 0.107056 0.178614 
0.495623 0.144925 0.359452 
0.770828 0.227074 0.002099 
0.026882 0.970022 0.003097 
0.003391 0.995409 0.001200 
0.075687 0.802451 0.121862 
0.182858 0.582347 0.234795 
0.373048 0.091663 0.535290 
0.243139 0.189076 0.567785 
0.365668 0.634266 0.000066 
0.669176 0.204111 0.126713 
0.401058 0.590621 0.008321 
0.162890 0.016719 0.820391 
0.933102 0.059101 0.007797 
0.256716 0.003039 0.740245 
0.271358 0.027424 0.701217 
0.952219 0.000598 0.047183 
0.013819 0.409543 0.576638 
0.068666 0.001279 0.930055 
0.747628 0.143335 0.109037 
0.001689 0.515350 0.482960 
0.114536 0.050630 0.834834 
0.717881 0.002980 0.279139 
0.017865 0.358886 0.623249 
0.911615 0.001058 0.087327 
0.000267 0.461328 0.538405 
0.002236 0.003577 0.994187 
0.485052 0.002294 0.512654 
0.164648 0.832565 0.002787 
0.016074 0.140789 0.843136 
0.155547 0.162403 0.682049 
0.226368 0.117596 0.656036 
0.217809 0.601776 0.180415 
0.643968 0.056996 0.299036 
0.260313 0.675583 0.064104 
0.993256 0.002515 0.004229 
